Epoch,Validation Accuracy,Test Accuracy
0,0.6442,0.6408
1,0.7565,0.7543
2,0.764,0.7606
3,0.7661,0.7651
4,0.7657,0.7662
5,0.7728,0.7711
6,0.7711,0.7762
7,0.7748,0.7744
8,0.7804,0.7743
9,0.7834,0.7788
10,0.7925,0.7921
11,0.7996,0.7965
12,0.8103,0.8067
13,0.8148,0.8096
14,0.8194,0.817
15,0.824,0.8229
16,0.8265,0.8205
17,0.833,0.8231
18,0.8362,0.8278
19,0.8392,0.8312
20,0.8402,0.827
21,0.8402,0.8355
22,0.8433,0.8355
23,0.845,0.8369
24,0.8448,0.8374
25,0.8462,0.8396
26,0.8457,0.8416
27,0.8459,0.8427
28,0.8509,0.845
29,0.8488,0.8435
30,0.8505,0.8429
