Epoch,Validation Accuracy,Test Accuracy
0,0.6618,0.6572
1,0.7913,0.7824
2,0.7973,0.7903
3,0.7996,0.7974
4,0.8012,0.7972
5,0.7965,0.7914
6,0.8004,0.7952
7,0.8078,0.7956
8,0.8064,0.7998
9,0.8018,0.7947
10,0.8011,0.7913
11,0.7984,0.7847
12,0.7982,0.7906
13,0.7989,0.7886
14,0.8011,0.7917
15,0.7968,0.7868
16,0.7907,0.7852
17,0.7931,0.7907
18,0.7908,0.7832
19,0.8002,0.7863
20,0.7968,0.7875
21,0.792,0.7821
22,0.7935,0.7883
23,0.7868,0.7856
24,0.7871,0.781
25,0.7924,0.7811
26,0.7942,0.7817
27,0.7914,0.7818
28,0.789,0.778
29,0.7908,0.7784
30,0.7919,0.7846
